30 10
-1200 1200 -1000 1000
(-967,-741) (427,-92) (-457,-354) (-1120,938) (118,888) (1109,-393) (1029,556) (-994,-660) (595,651) (997,-242) (-969,-434) (-692,-40) (207,953) (-248,-812) (-1141,230) (-854,-502) (-1165,35) (-641,454) (-311,44) (-117,-598) (-1004,-833) (214,88) (-280,-54) (583,-145) (697,214) (-1078,518) (-551,-365) (527,-49) (-738,-86) (734,453)
(658,-62) (-1182,513) (-28,344) (-878,507) (-230,-822) (-120,-936) (997,-588) (63,-392) (-463,-1000) (869,-23) (-301,6) (203,-905) (864,-876) (141,-544) (-556,-555) (-138,611) (-646,-220) (-665,-196) (-299,-595) (-525,158) (-570,-188) (-503,906) (1177,754) (-227,-255) (484,-727) (-909,217) (-644,-574) (-696,-986) (-105,-321) (619,-353)
(-568,961) (-1098,-315) (-1061,-122) (301,476) (321,-677) (459,-626) (764,-886) (26,426) (-169,-30) (-476,-360) (571,548) (727,664) (27,-724) (289,-443) (-1017,662) (1116,-663) (577,2) (-240,-9) (-1195,188) (-798,214) (782,384) (-91,-152) (-391,537) (-77,632) (318,-145) (1162,-135) (171,224) (87,19) (204,309) (-175,-345)
(1095,-871) (-38,-41) (-1064,593) (-103,978) (-688,-157) (-68,538) (-387,-297) (314,695) (-472,972) (-663,-838) (-330,-917) (964,964) (-786,213) (251,-872) (-248,-329) (-475,915) (496,-668) (-949,-32) (587,762) (-1180,-941) (1085,-592) (-163,905) (-912,690) (169,-918) (-801,419) (-52,134) (1122,16) (-575,39) (833,906) (444,444)
(-499,668) (1125,-684) (-1137,-580) (1026,523) (930,58) (-921,-722) (460,188) (1163,-783) (332,-235) (-183,259) (-968,527) (717,-622) (766,-451) (-889,-902) (395,507) (-1142,40) (-48,1) (594,-635) (90,-75) (-625,-964) (-737,-778) (867,-379) (608,-304) (967,837) (722,874) (346,892) (-136,883) (118,715) (169,-726) (67,-559)
(-429,453) (-381,-147) (-944,-281) (-109,-589) (756,921) (184,605) (484,-332) (-428,-471) (-441,-724) (-546,540) (92,-537) (692,957) (287,-940) (904,648) (-256,-953) (976,16) (-118,98) (1144,-118) (544,148) (-856,-473) (-429,20) (126,-185) (584,443) (253,543) (-1110,-845) (636,-36) (728,899) (-1110,-796) (943,523) (-999,-50)
(-964,406) (-1148,-864) (657,-747) (-526,516) (-859,-208) (709,-895) (657,-149) (1197,568) (587,636) (167,124) (-1040,394) (-297,-799) (179,-464) (250,749) (155,-499) (-433,-922) (399,110) (-1166,-562) (368,-306) (-672,-33) (513,901) (535,-432) (695,238) (-188,-731) (-1075,203) (-923,-815) (88,333) (-476,-832) (155,-646) (-467,-438)
(717,-778) (477,794) (1094,-698) (161,778) (-546,-448) (245,-449) (-357,-430) (-289,895) (-1164,194) (-920,-779) (-1040,-395) (-887,-52) (-1085,298) (1015,148) (36,-204) (-340,-514) (-533,-731) (1127,606) (-1157,-733) (1038,153) (-241,-943) (-287,-536) (-1069,-9) (-1116,-53) (251,-844) (-486,-821) (-854,453) (-713,704) (343,-772) (1173,564)
(-79,941) (937,742) (-167,-932) (-986,925) (801,629) (-777,167) (1106,710) (964,479) (-1144,-681) (-632,-244) (68,-143) (29,-581) (667,994) (-1195,-796) (-5,-292) (-1166,-532) (-686,891) (50,719) (322,-677) (-534,954) (741,919) (75,-579) (1130,165) (335,-756) (1025,-746) (-317,118) (-679,950) (-468,-615) (672,-852) (-1067,-479)
(284,-602) (335,-805) (-51,-680) (251,-723) (374,196) (654,466) (292,-709) (373,-413) (1069,159) (1029,-121) (-353,-752) (1151,810) (269,528) (27,-569) (406,-576) (-305,-829) (-87,76) (300,824) (-1067,-822) (-1022,252) (-853,556) (822,-517) (-1176,-300) (1155,449) (-223,-40) (478,-931) (136,-364) (590,634) (1007,-285) (1190,852)
